((("compile" .
   [1 0 0 0 0 0 0])
  ("private" .
   [0 0 0 0 0 2 0])
  ("HasPt" .
   [0 0 0 1 0])
  ("s" .
   [1])
  ("blank" .
   [1 0 0 0 0])
  ("display" .
   [0 0 1 1 0 0 0])
  ("myscreen" .
   [0 0 1 0 0 0 0 0])
  ("static_cast" .
   [0 0 1 0 0 0 0 0 0 0 0])
  ("function" .
   [1 0 0 0 0 0 0 0])
  ("cast" .
   [1 0 0 0])
  ("printf" .
   [0 0 0 1 0 0])
  ("std" .
   [5 0 0])
  ("helm-buffers" .
   [1 0 0 0 0 0 0 0 0 0 0 0])
  ("kbd" .
   [6 0 0])
  ("global-set-key" .
   [1 0 0 0 0 0 0 0 0 0 0 1 0 0])
  ("helm-find-files" .
   [3 0 0 0 0 0 0 0 0 0 0 0 0 0 0])
  ("helm" .
   [4 0 0 0])
  ("Sales_data" .
   [0 0 0 0 11 0 0 0 0 1])
  ("i" .
   [3])
  ("c" .
   [1])
  ("journal" .
   [0 0 0 1 0 0 0])
  ("one" .
   [1 0 0])
  ("begins" .
   [1 0 0 0 0 0])
  ("thousand" .
   [1 0 0 0 0 0 0 0])
  ("said" .
   [1 0 0 0])
  ("have" .
   [1 0 0 0])
  ("would" .
   [1 0 0 0 0])
  ("Tzu" .
   [1 0 0])
  ("Lao" .
   [1 0 0])
  ("As" .
   [1 0])
  ("essentials" .
   [0 0 0 1 0 0 0 0 0 0])
  ("Just" .
   [1 0 0 0])
  ("bar" .
   [1 0 0])
  ("protein" .
   [0 0 0 1 0 0 0])
  ("camera" .
   [0 0 0 1 0 0])
  ("digital" .
   [0 0 1 1 0 0 0])
  ("iPod" .
   [1 0 0 0])
  ("cellphone" .
   [0 0 0 0 1 0 0 0 0])
  ("with" .
   [2 0 0 0])
  ("lot" .
   [1 0 0])
  ("whole" .
   [1 0 0 0 0])
  ("bring" .
   [1 0 0 0 0])
  ("able" .
   [1 0 0 0])
  ("Seaway" .
   [0 0 0 1 0 0])
  ("Because" .
   [0 0 0 0 1 0 0])
  ("go" .
   [1 0])
  ("to" .
   [2 0])
  ("ready" .
   [1 0 0 0 0])
  ("packed" .
   [1 0 0 0 0 0])
  ("evening" .
   [0 0 0 1 0 0 0])
  ("got" .
   [1 0 0])
  ("finally" .
   [0 0 0 0 1 0 0])
  ("believe" .
   [1 0 0 0 0 0 0])
  ("day" .
   [1 0 0])
  ("first" .
   [1 0 0 0 0])
  ("chapter3" .
   [0 0 0 0 0 0 0 1])
  ("June" .
   [1 0 0 0])
  ("passing" .
   [1 0 0 0 0 0 0])
  ("be" .
   [1 0])
  ("won" .
   [1 0 0])
  ("definitely" .
   [0 0 0 1 0 0 0 0 0 0])
  ("br" .
   [6 0])
  ("eternity" .
   [0 0 0 0 0 0 0 1])
  ("Of" .
   [1 0])
  ("glimpse" .
   [0 0 0 0 0 1 0])
  ("get" .
   [1 0 0])
  ("May" .
   [1 0 0])
  ("see" .
   [1 0 0])
  ("can" .
   [2 0 0])
  ("you" .
   [2 0 0])
  ("When" .
   [1 0 0 0])
  ("cars" .
   [3 0 0 0])
  ("Passing" .
   [0 0 0 0 1 1 0])
  ("blockquote" .
   [0 0 0 0 0 2 0 0 0 0])
  ("today" .
   [1 0 0 0 0])
  ("road" .
   [1 0 0 0])
  ("of" .
   [4 0])
  ("side" .
   [1 0 0 0])
  ("signs" .
   [1 0 0 0 0])
  ("style" .
   [0 0 1 0 0])
  ("Shave" .
   [1 0 0 0 0])
  ("Burma" .
   [0 0 1 0 0])
  ("saw" .
   [1 0 0])
  ("July" .
   [1 0 0 0])
  ("jpg" .
   [2 0 0])
  ("AZ" .
   [2 0])
  ("Why" .
   [2 0 0])
  ("NM" .
   [2 0])
  ("Consequences" .
   [0 0 0 0 0 1 1 0 0 0 0 0])
  ("or" .
   [2 0])
  ("Truth" .
   [1 0 0 1 0])
  ("CO" .
   [2 0])
  ("Chance" .
   [2 0 0 0 0 0])
  ("Last" .
   [1 0 0 1])
  ("UT" .
   [2 0])
  ("Bountiful" .
   [0 0 0 1 1 0 0 0 0])
  ("ID" .
   [2 0])
  ("City" .
   [1 0 0 1])
  ("Magic" .
   [2 0 0 0 0])
  ("WA" .
   [2 0])
  ("Walla" .
   [1 0 3 0 0])
  ("ol" .
   [1 0])
  ("li" .
   [12 0])
  ("way" .
   [1 0 0])
  ("places" .
   [0 0 0 1 0 0])
  ("interesting" .
   [0 0 0 0 0 1 0 0 0 0 0])
  ("some" .
   [2 0 0 0])
  ("through" .
   [0 0 0 0 1 0 0])
  ("passed" .
   [1 0 0 0 0 0])
  ("and" .
   [3 0 0])
  ("already" .
   [1 0 0 0 0 0 0])
  ("miles" .
   [1 0 0 0 1])
  ("it" .
   [1 0])
  ("made" .
   [1 0 0 0])
  ("Well" .
   [1 0 0 0])
  ("segway2" .
   [1 0 0 0 0 0 0])
  ("images" .
   [1 0 0 1 0 0])
  ("journey" .
   [0 0 0 1 2 0 0])
  ("chapter2" .
   [0 0 0 1 0 0 0 0])
  ("HTML" .
   [2 0 0 0])
  ("src" .
   [2 0 0])
  ("img" .
   [2 0 0])
  ("August" .
   [0 0 0 1 0 0])
  ("very" .
   [0 0 0 1])
  ("on" .
   [4 0])
  ("US" .
   [1 0])
  ("around" .
   [1 0 0 0 0 0])
  ("trip" .
   [2 0 0 0])
  ("my" .
   [2 0])
  ("Documenting" .
   [0 0 1 0 0 0 0 0 0 0 0])
  ("Segway" .
   [0 0 2 1 0 0])
  ("h1" .
   [4 0])
  ("USA" .
   [2 0 0])
  ("the" .
   [7 0 0])
  ("Around" .
   [0 0 1 0 0 0])
  ("Trip" .
   [0 0 2 0])
  ("My" .
   [2 0])
  ("paragraph" .
   [0 0 0 1 0 0 0 0 0])
  ("this" .
   [1 0 0 0])
  ("heading" .
   [1 0 0 2 1 1 0])
  ("This" .
   [5 0 0 0])
  ("set" .
   [2 0 0])
  ("const_cast" .
   [0 0 0 1 1 0 0 0 0 0])
  ("First" .
   [1 0 1 0 0])
  ("Head" .
   [1 0 0 0])
  ("Loung" .
   [0 0 1 2 0])
  ("head" .
   [6 0 0 0])
  ("html" .
   [8 0 0 0])
  ("com" .
   [3 0 0])
  ("www" .
   [3 0 0])
  ("http" .
   [3 0 0 0])
  ("href" .
   [1 0 1 1])
  ("欢迎访问" .
   [2 0 0 0])
  ("last" .
   [4 0 0 0])
  ("sum" .
   [4 0 0])
  ("endl" .
   [13 0 0 0])
  ("else" .
   [0 0 0 1])
  ("cin" .
   [17 0 0])
  ("while" .
   [0 0 1 3 3])
  ("code3" .
   [1 0 0 0 0])
  ("code2" .
   [16 0 0 0 0])
  ("string" .
   [30 0 2 0 1 0])
  ("date" .
   [1 0 0 0])
  ("hehe" .
   [2 0 0 0])
  ("struct" .
   [0 0 2 2 3 1])
  ("include" .
   [0 1 0 12 0 0 0])
  ("inc" .
   [12 0 14])
  ("main" .
   [2 0 24 6])
  ("using" .
   [0 0 18 1 1])
  ("decltype" .
   [0 0 0 0 1 0 0 0])
  ("cout" .
   [44 0 0 0])
  ("code" .
   [66 0 0 1])
  ("size_type" .
   [0 0 0 0 0 1 0 0 0])
  ("vector" .
   [5 0 0 3 1 0])
  ("vec" .
   [1 0 1])
  ("str" .
   [11 0 0])
  ("iter" .
   [0 0 1 1])
  ("iterator" .
   [0 0 1 3 0 0 0 0])
  ("sizeof" .
   [0 0 0 0 1 0])
  ("smartparens-mode" .
   [1 0 0 0 0 0 0 0 0 0 0 0 0 0 0 0])
  ("title" .
   [1 0 1 0 0])
  ("body" .
   [0 0 1 1])
  ("Sales_item" .
   [0 0 0 0 1 0 0 0 0 0])
  ("item1" .
   [4 0 0 0 0])
  ("item2" .
   [4 0 0 0 0])
  ("baidu" .
   [1 0 0 0 0])
  ("百度一下，你就知道" .
   [0 0 0 0 1 0 0 0 0])
  ("align" .
   [2 0 0 1 0])
  ("center" .
   [2 0 0 0 0 1])
  ("io" .
   [22 0])
  ("menu" .
   [1 0 0 0])
  ("menu-bar-mode" .
   [1 0 0 0 0 0 0 0 0 0 0 0 0])
  ("helm-recentf" .
   [0 0 0 0 0 0 0 0 1 0 0 0])
  ("helm-find" .
   [1 0 0 0 0 0 0 0 0])
  ("bookNo" .
   [0 0 0 0 2 0])
  ("unsigned" .
   [0 0 0 0 0 1 0 0])
  ("ostream" .
   [1 0 0 0 0 0 0])
  ("istream" .
   [0 0 0 1 0 0 0])
  ("avg_privce" .
   [0 0 0 2 0 0 0 0 0 0])
  ("units_sold" .
   [0 0 3 1 3 0 0 0 0 0])
  ("revenue" .
   [1 0 1 2 1 1 0])
  ("combine" .
   [0 0 0 0 1 0 0])
  ("t" .
   [2])
  ("rhs" .
   [2 0 0])
  ("os" .
   [3 0])
  ("item" .
   [9 0 0 0])
  ("isbn" .
   [1 0 0 0])
  ("price" .
   [1 0 0 0 1])
  ("public" .
   [0 0 2 1 0 0])
  ("typedef" .
   [0 0 0 1 0 0 0])
  ("Screen" .
   [0 0 4 1 0 0])
  ("default" .
   [0 0 0 0 1 0 0])
  ("pos" .
   [3 0 0])
  ("height" .
   [0 0 1 0 0 0])
  ("width" .
   [0 0 0 1 0])
  ("contents" .
   [0 0 0 0 0 0 2 0])
  ("cursor" .
   [2 0 0 0 0 0])
  ("out" .
   [8 0 0])
  ("in" .
   [6 0])
  ("open" .
   [2 0 0 0])
  ("ofstream" .
   [0 0 1 0 1 0 0 0])
  ("f" .
   [1])
  ("HasPtr" .
   [1 0 2 10 0 0])
  ("operator" .
   [0 0 1 1 1 0 0 0])
  ("delete" .
   [0 0 0 2 0 0])
  ("newp" .
   [1 0 0 0])
  ("load" .
   [1 0 0 0])
  ("spa" .
   [3 0 0])
  ("company" .
   [1 0 0 0 0 0 0])))
